7.802525000000000155e+00
7.853149999999999409e+00
8.364124999999999588e+00
6.928524999999999601e+00
6.821500000000000341e+00
7.088900000000000645e+00
7.591250000000000497e+00
1.288515000000000121e+01
6.518800000000000594e+00
6.488049999999999429e+00
1.216892499999999977e+01
8.313275000000000858e+00
8.999374999999998792e+00
7.145150000000000112e+00
6.977199999999999847e+00
9.914649999999999963e+00
1.265595000000000070e+01
7.032699999999999285e+00
6.681049999999999045e+00
6.415499999999999758e+00
6.282075000000000742e+00
7.391299999999999315e+00
6.276099999999999568e+00
1.169832500000000053e+01
1.290317500000000095e+01
6.542349999999999888e+00
7.506475000000000009e+00
6.496224999999999916e+00
1.190044999999999931e+01
1.289247500000000102e+01
7.041724999999999568e+00
7.427450000000000330e+00
6.865199999999999747e+00
1.141902500000000131e+01
9.708949999999999747e+00
1.946354999999999835e+00
1.462114999999999831e+00
2.032507499999999911e+00
1.853785000000000016e+00
2.465965000000000240e-01
2.641100000000000114e-01
1.788487500000000008e-01
3.174375000000000391e-01
1.424517499999999881e+00
1.636619999999999964e+00
1.544887500000000191e+00
7.766024999999999956e+00
1.219910000000000050e+00
1.291275000000000173e+00
1.139317499999999983e+00
3.115474999999999994e+00
1.778012499999999996e+00
2.921650000000000080e+00
3.130074999999999719e+00
3.536925000000000097e+00
3.774649999999999839e+00
1.369529999999999914e+00
2.666299999999999670e+00
3.093600000000000350e+00
3.704374999999999751e+00
5.442749999999999311e+00
1.678544999999999954e+00
3.356300000000000061e+00
4.356024999999999814e+00
6.140875000000000306e+00
8.707599999999999341e+00
1.736102499999999882e+00
8.300174999999999415e+00
9.139424999999999244e+00
8.530224999999999724e+00
3.392749999999999932e+00
9.086949999999999861e+00
3.453800000000000203e+00
2.287234999999999907e+00
2.321574999999999722e+00
2.335574999999999957e+00
9.107424999999999216e+00
3.298375000000000057e+00
2.246322500000000222e+00
2.269690000000000207e+00
2.352372499999999977e+00
9.606624999999999304e+00
4.184275000000000411e+00
3.474124999999999908e+00
3.406799999999999606e+00
3.233774999999999622e+00
2.224962500000000176e+00
2.223559999999999981e+00
1.912362499999999965e+00
1.432560000000000056e+00
1.476872499999999810e+00
1.783302500000000013e+00
4.585774999999999935e+00
7.799649999999999750e+00
2.874399999999999622e+00
2.558675000000000033e+00
2.496939999999999937e+00
1.609534999999999938e+00
1.456280000000000019e+00
1.523152500000000131e+00
5.833924999999999805e-01
7.896775000000000322e-01
1.898549999999999960e+00
7.768450000000000077e-01
1.777870000000000061e+00
1.803597500000000187e+00
6.284049999999998803e-01
5.837099999999999511e-01
1.563829999999999942e-01
2.968449999999999700e-01
1.817620000000000069e-01
-1.889742499999999825e-01
-5.367900000000000449e-02
3.015074999999999839e-01
3.418849999999999945e+00
3.192474999999999952e+00
6.520025000000000404e+00
8.728999999999999204e+00
3.979400000000000048e+00
2.508725000000000094e+00
2.533300000000000107e+00
2.183054999999999968e+00
2.279037499999999827e+00
1.907717499999999955e+00
1.904230000000000089e+00
3.417850000000000055e+00
3.195799999999999752e+00
6.509475000000000122e+00
8.725400000000000489e+00
3.973324999999999996e+00
2.504850000000000243e+00
2.528950000000000031e+00
2.180825000000000014e+00
2.273797499999999694e+00
1.912072499999999842e+00
1.900287499999999907e+00
2.878224999999999589e+00
2.741549999999999709e+00
3.705875000000000252e+00
1.007300000000000040e+01
4.057500000000000107e+00
2.145687500000000192e+00
2.215125000000000011e+00
1.881295000000000162e+00
2.025967500000000143e+00
1.526032499999999903e+00
1.807462499999999972e+00
3.318875000000000242e+00
3.311850000000000183e+00
4.024949999999999584e+00
4.684174999999999756e+00
9.295325000000000060e+00
3.228949999999999765e+00
2.646649999999999725e+00
1.858762499999999873e+00
1.800397499999999873e+00
1.643037499999999929e+00
1.768297500000000078e+00
1.856339999999999879e+00
1.762199999999999989e+00
2.058327499999999866e+00
1.975212500000000038e+00
2.224520000000000053e+00
9.733599999999999142e+00
5.314149999999999707e+00
4.455750000000000099e+00
3.347350000000000048e+00
3.582374999999999865e+00
4.037525000000000475e+00
2.381352499999999761e+00
2.433927499999999799e+00
2.775099999999999678e+00
2.254900000000000126e+00
2.417194999999999983e+00
3.684600000000000097e+00
1.100527500000000103e+01
5.724550000000000693e+00
4.088074999999999903e+00
4.679225000000000634e+00
4.814675000000000260e+00
1.839245000000000019e+00
2.055530000000000079e+00
2.178722500000000117e+00
1.907189999999999941e+00
2.022112499999999979e+00
3.769100000000000339e+00
5.299574999999999925e+00
1.042027500000000018e+01
5.840475000000000527e+00
4.234650000000000247e+00
4.148200000000000109e+00
1.903157500000000057e+00
1.731445000000000123e+00
2.382054999999999811e+00
2.304910000000000014e+00
2.066252500000000047e+00
3.226175000000000015e+00
4.622675000000000090e+00
4.539349999999999774e+00
8.108299999999999841e+00
7.025424999999999365e+00
4.400350000000000428e+00
1.889720000000000066e+00
1.738500000000000156e+00
2.376092499999999941e+00
2.306599999999999984e+00
2.070447500000000218e+00
3.224199999999999733e+00
4.616425000000000445e+00
4.537625000000000242e+00
8.103925000000000267e+00
7.031925000000000203e+00
4.383799999999999919e+00
1.972224999999999895e+00
2.247847500000000220e+00
2.104027499999999939e+00
2.055860000000000021e+00
1.786237499999999923e+00
3.035475000000000367e+00
4.440599999999999881e+00
4.282024999999999970e+00
3.442224999999999646e+00
7.046200000000000685e+00
9.003824999999999079e+00
9.249825000000001296e+00
8.272299999999999542e+00
7.319499999999999673e+00
5.129299999999999748e+00
3.752625000000000099e+00
3.387424999999999908e+00
2.982050000000000090e+00
3.089325000000000099e+00
2.383327500000000043e+00
2.371050000000000324e+00
2.259617500000000057e+00
2.351937500000000014e+00
2.505500000000000060e+00
5.261675000000000324e+00
6.489150000000000418e+00
9.557199999999999918e+00
1.000264999999999915e+01
4.439849999999999852e+00
3.874349999999999739e+00
3.623950000000000227e+00
3.451200000000000045e+00
2.364759999999999973e+00
2.869050000000000100e+00
2.914775000000000116e+00
2.735349999999999504e+00
2.665675000000000239e+00
4.239024999999999821e+00
4.389624999999999666e+00
5.823475000000000179e+00
8.106474999999999653e+00
8.612574999999999648e+00
4.617325000000000124e+00
4.471224999999999561e+00
4.108699999999999797e+00
2.478029999999999955e+00
2.982699999999999907e+00
3.277300000000000324e+00
3.047800000000000065e+00
2.705224999999999991e+00
3.760425000000000129e+00
3.873099999999999987e+00
4.377150000000000318e+00
4.674424999999999386e+00
8.157600000000000406e+00
7.831450000000000244e+00
4.082850000000000534e+00
3.922975000000000101e+00
2.391264999999999752e+00
2.749649999999999928e+00
2.938175000000000203e+00
2.873600000000000154e+00
2.810150000000000148e+00
3.153925000000000090e+00
3.265925000000000189e+00
3.616750000000000131e+00
3.836875000000000036e+00
4.028925000000000090e+00
7.242049999999999876e+00
7.919699999999999740e+00
3.687599999999999767e+00
1.977212499999999817e+00
2.325937499999999769e+00
2.309804999999999886e+00
2.036442500000000155e+00
2.352005000000000123e+00
3.108649999999999913e+00
3.287675000000000125e+00
3.683449999999999669e+00
3.967324999999999768e+00
4.169624999999999915e+00
4.202024999999999899e+00
5.744224999999999248e+00
8.914349999999998886e+00
3.418149999999999800e+00
2.313882500000000064e+00
2.162310000000000176e+00
2.162084999999999813e+00
2.965825000000000156e+00
2.711500000000000021e+00
2.983450000000000379e+00
3.005924999999999958e+00
3.056125000000000203e+00
2.869850000000000012e+00
2.777674999999999894e+00
2.369850000000000012e+00
5.274575000000000458e+00
8.074074999999998781e+00
5.376174999999999926e+00
3.006699999999999928e+00
3.164449999999999541e+00
3.172550000000000203e+00
2.086764999999999759e+00
2.253139999999999699e+00
2.699300000000000033e+00
2.851099999999999746e+00
2.906599999999999628e+00
2.646800000000000264e+00
2.014682499999999710e+00
2.099375000000000213e+00
1.639337499999999892e+00
4.284675000000000011e+00
9.653750000000000497e+00
4.374724999999999753e+00
1.701734999999999998e+00
2.939625000000000377e+00
3.119974999999999721e+00
3.153299999999999770e+00
3.063400000000000123e+00
2.790900000000000158e+00
2.709925000000000139e+00
2.093809999999999949e+00
3.005900000000000460e+00
3.112650000000000361e+00
3.237174999999999692e+00
3.721874999999999822e+00
6.750699999999999257e+00
3.836500000000000021e+00
2.552499999999999769e+00
2.650250000000000217e+00
2.116462499999999913e+00
2.088270000000000071e+00
1.890962499999999880e+00
1.730342499999999895e+00
1.356279999999999930e+00
2.533075000000000188e+00
3.382324999999999804e+00
2.578450000000000131e+00
1.762315000000000076e+00
6.232725000000000293e+00
6.528549999999999187e+00
2.321692500000000159e+00
2.202984999999999971e+00
2.374944999999999862e+00
2.303872499999999768e+00
2.005405000000000104e+00
2.233525000000000205e+00
2.195719999999999672e+00
2.662475000000000147e+00
2.719349999999999934e+00
2.357762499999999761e+00
1.641394999999999937e+00
2.943175000000000097e+00
1.018157500000000049e+01
1.079962499999999892e+01
4.208124999999999893e+00
3.772400000000000198e+00
3.377250000000000085e+00
3.171550000000000313e+00
2.844149999999999956e+00
2.450400000000000134e+00
2.539374999999999716e+00
2.748924999999999841e+00
2.561625000000000263e+00
3.284724999999999895e+00
2.747424999999999784e+00
2.260557499999999997e+00
2.464457499999999968e+00
2.380082499999999879e+00
7.111724999999999852e+00
9.010774999999998869e+00
6.439350000000000129e+00
3.333650000000000446e+00
2.983199999999999630e+00
2.836199999999999832e+00
2.411865000000000148e+00
2.290974999999999984e+00
2.587999999999999634e+00
2.340704999999999814e+00
3.164600000000000080e+00
2.863025000000000375e+00
2.375245000000000051e+00
2.430165000000000131e+00
2.125764999999999905e+00
3.180274999999999963e+00
9.686900000000001398e+00
9.778724999999999667e+00
3.235899999999999999e+00
2.604449999999999932e+00
2.447677500000000173e+00
2.421117499999999811e+00
2.252357500000000012e+00
2.794849999999999834e+00
2.546599999999999753e+00
2.559675000000000367e+00
2.449287500000000062e+00
2.475185000000000191e+00
2.493232499999999963e+00
1.899659999999999904e+00
3.372174999999999923e+00
5.501800000000000246e+00
8.265599999999999170e+00
7.529400000000000759e+00
2.893924999999999859e+00
3.067099999999999937e+00
3.152474999999999916e+00
2.899750000000000050e+00
3.191025000000000222e+00
3.287475000000000147e+00
3.625824999999999854e+00
3.245925000000000171e+00
2.554449999999999665e+00
2.556125000000000203e+00
2.337264999999999926e+00
1.932772500000000004e+00
1.816599999999999770e+00
2.338824999999999932e+00
4.157650000000000290e+00
2.785500000000000309e+00
2.067269999999999719e+00
2.462895000000000056e+00
2.263952499999999812e+00
2.135094999999999743e+00
2.231835000000000235e+00
2.656274999999999942e+00
2.499155000000000015e+00
2.026250000000000107e+00
1.757102500000000234e+00
1.997355000000000214e+00
3.664925000000000210e+00
3.510074999999999612e+00
3.418849999999999945e+00
5.039500000000000313e+00
8.754999999999999005e+00
8.810649999999998983e+00
4.646175000000000388e+00
3.921049999999999702e+00
3.955274999999999874e+00
3.616725000000000190e+00
3.428774999999999906e+00
3.349325000000000330e+00
2.681049999999999933e+00
2.678174999999999972e+00
2.253012500000000085e+00
2.727049999999999752e+00
2.758799999999999919e+00
2.775500000000000078e+00
3.386600000000000055e+00
3.851175000000000015e+00
1.005180000000000007e+01
9.205349999999999255e+00
4.283599999999999852e+00
3.803024999999999878e+00
3.171900000000000386e+00
3.297125000000000306e+00
3.070649999999999658e+00
2.224242499999999900e+00
2.606224999999999792e+00
2.417435000000000223e+00
2.672725000000000239e+00
2.705400000000000027e+00
2.844574999999999854e+00
3.617099999999999760e+00
4.037449999999999761e+00
5.377774999999999750e+00
9.214325000000000543e+00
6.268049999999999677e+00
3.466624999999999623e+00
3.233725000000000183e+00
3.101475000000000204e+00
3.145100000000000229e+00
2.533500000000000085e+00
2.820274999999999643e+00
2.582574999999999843e+00
1.968145000000000033e+00
1.850700000000000234e+00
1.992669999999999941e+00
2.476952499999999890e+00
2.150172500000000042e+00
2.206265000000000143e+00
2.311995000000000022e+00
2.043742500000000017e+00
3.222550000000000026e+00
5.952625000000000277e+00
3.974375000000000213e+00
2.701374999999999638e+00
2.196140000000000203e+00
2.378872499999999945e+00
5.489300000000000068e+00
2.090867499999999879e+00
2.503299999999999859e+00
2.586324999999999985e+00
2.582249999999999712e+00
2.340982499999999966e+00
2.356170000000000098e+00
3.057825000000000237e+00
4.454674999999999940e+00
3.729325000000000223e+00
2.980374999999999996e+00
2.993000000000000327e+00
3.111424999999999663e+00
2.805550000000000210e+00
4.083550000000000679e+00
6.560649999999999871e+00
2.858249999999999957e+00
2.923450000000000326e+00
3.088375000000000092e+00
3.307375000000000398e+00
3.119000000000000217e+00
3.300549999999999873e+00
3.325450000000000017e+00
5.664574999999999250e+00
6.001174999999999926e+00
3.283475000000000144e+00
3.613249999999999851e+00
3.787525000000000031e+00
3.260000000000000231e+00
7.094274999999999665e+00
5.337625000000000064e+00
2.362077499999999830e+00
2.509399999999999853e+00
2.724225000000000119e+00
2.489065000000000083e+00
2.665649999999999853e+00
2.713574999999999626e+00
2.674624999999999808e+00
3.472925000000000040e+00
5.504224999999999923e+00
4.527750000000000163e+00
2.943049999999999944e+00
3.146550000000000402e+00
4.247824999999999740e+00
7.075300000000000367e+00
4.159875000000000433e+00
2.147289999999999921e+00
2.629699999999999704e+00
2.855925000000000047e+00
2.416842500000000005e+00
2.381997499999999768e+00
2.410172499999999829e+00
2.353749999999999787e+00
2.266805000000000181e+00
5.689074999999999882e+00
5.832549999999999457e+00
2.756124999999999936e+00
3.750450000000000284e+00
5.800824999999999676e+00
5.700099999999999945e+00
2.751775000000000304e+00
2.439507499999999940e+00
2.602875000000000050e+00
2.807100000000000151e+00
2.922925000000000217e+00
2.586075000000000124e+00
2.853025000000000144e+00
2.849400000000000155e+00
2.727775000000000283e+00
3.035824999999999996e+00
5.289000000000000590e+00
7.463475000000000747e+00
7.349225000000000563e+00
6.667049999999999699e+00
4.354224999999999568e+00
3.469025000000000247e+00
2.732775000000000176e+00
2.519225000000000048e+00
2.746500000000000163e+00
2.990574999999999761e+00
2.606174999999999908e+00
2.686649999999999761e+00
2.603524999999999867e+00
2.323844999999999938e+00
2.752099999999999991e+00
3.867774999999999963e+00
9.462049999999999628e+00
9.228225000000000122e+00
4.480750000000000455e+00
3.357625000000000082e+00
3.151499999999999968e+00
2.980400000000000382e+00
2.669675000000000242e+00
2.946774999999999700e+00
2.955524999999999736e+00
2.601149999999999629e+00
2.629125000000000156e+00
2.515824999999999978e+00
2.166795000000000027e+00
2.716624999999999623e+00
3.727349999999999941e+00
1.072044999999999959e+01
7.534149999999999459e+00
2.797225000000000072e+00
3.294649999999999856e+00
3.082349999999999923e+00
1.171417500000000089e+01
5.339825000000000266e+00
3.923074999999999868e+00
3.431049999999999933e+00
4.092575000000000074e+00
3.782225000000000392e+00
3.873725000000000307e+00
3.691100000000000048e+00
3.476949999999999541e+00
3.462374999999999758e+00
4.127025000000000610e+00
9.502000000000000668e+00
7.998650000000000482e+00
3.924500000000000099e+00
2.882449999999999513e+00
2.501574999999999882e+00
2.372514999999999930e+00
2.523050000000000015e+00
2.470187500000000203e+00
2.121652500000000163e+00
3.505875000000000075e+00
4.772299999999999542e+00
8.924049999999999372e+00
9.566300000000000026e+00
5.681500000000000661e+00
3.160499999999999865e+00
2.619349999999999845e+00
2.764774999999999761e+00
2.861825000000000063e+00
2.553900000000000059e+00
3.354325000000000223e+00
2.901949999999999807e+00
5.347974999999999923e+00
7.029474999999999696e+00
1.053847500000000004e+01
6.698300000000000587e+00
3.361175000000000246e+00
3.477524999999999977e+00
3.747449999999999726e+00
2.939175000000000093e+00
3.392349999999999977e+00
2.715925000000000367e+00
2.634699999999999598e+00
2.432675000000000143e+00
1.014032499999999892e+01
1.124477500000000063e+01
7.189375000000000071e+00
4.583549999999999791e+00
4.206100000000000172e+00
3.457875000000000476e+00
2.908800000000000274e+00
2.704575000000000173e+00
2.485125000000000028e+00
2.492387499999999978e+00
5.597299999999999720e+00
1.015177500000000066e+01
9.864599999999999369e+00
5.470374999999999766e+00
3.489700000000000024e+00
2.570200000000000262e+00
3.337125000000000341e+00
2.723424999999999763e+00
2.650100000000000122e+00
2.413625000000000131e+00
3.959049999999999958e+00
7.174525000000000929e+00
1.043849999999999945e+01
9.483575000000000088e+00
4.223625000000000185e+00
3.134275000000000144e+00
3.729325000000000223e+00
2.823450000000000237e+00
2.376997499999999874e+00
2.197509999999999852e+00
3.808400000000000230e+00
4.836899999999999977e+00
7.552149999999999253e+00
1.237560000000000038e+01
9.296924999999999883e+00
3.798349999999999671e+00
3.187749999999999861e+00
2.884225000000000261e+00
2.858274999999999899e+00
2.529349999999999987e+00
3.651024999999999743e+00
4.114525000000000432e+00
3.963274999999999881e+00
7.430149999999999366e+00
1.156457499999999960e+01
5.494374999999999787e+00
3.008100000000000218e+00
2.680500000000000327e+00
2.405755000000000088e+00
2.178595000000000059e+00
3.362824999999999953e+00
3.444650000000000212e+00
3.379650000000000265e+00
3.813024999999999665e+00
8.071625000000000938e+00
1.092559999999999931e+01
9.880425000000000679e+00
8.549924999999999997e+00
3.726625000000000298e+00
4.471000000000000085e+00
3.434200000000000141e+00
5.278624999999999901e+00
1.016194999999999915e+01
5.007649999999999935e+00
4.134225000000000705e+00
4.084274999999999878e+00
4.172550000000000203e+00
4.410625000000000462e+00
8.696525000000001171e+00
7.599025000000000141e+00
3.576349999999999696e+00
3.602650000000000130e+00
4.045575000000000365e+00
3.713999999999999968e+00
8.028499999999999304e+00
7.649824999999999875e+00
3.252099999999999991e+00
4.099800000000000111e+00
2.679549999999999876e+00
3.750049999999999883e+00
9.024549999999999628e+00
9.747325000000000017e+00
3.912525000000000031e+00
4.022000000000000242e+00
3.180100000000000371e+00
3.027425000000000033e+00
2.673099999999999810e+00
2.939424999999999955e+00
3.238525000000000098e+00
3.158725000000000005e+00
3.156499999999999861e+00
7.253275000000000361e+00
7.434374999999999289e+00
5.103650000000000020e+00
3.320425000000000182e+00
3.278200000000000003e+00
3.368774999999999853e+00
3.330575000000000063e+00
3.799475000000000158e+00
3.830374999999999641e+00
3.791824999999999779e+00
4.184000000000000163e+00
8.974899999999999878e+00
1.062587500000000063e+01
7.050999999999999268e+00
5.188199999999999257e+00
3.542499999999999982e+00
3.753199999999999648e+00
4.092374999999999652e+00
4.402549999999999741e+00
3.700625000000000053e+00
3.203349999999999920e+00
3.549625000000000252e+00
6.256924999999999848e+00
8.689650000000000318e+00
1.052772500000000022e+01
6.645699999999999719e+00
4.486250000000000071e+00
4.215574999999999406e+00
3.763374999999999915e+00
3.067949999999999733e+00
2.870474999999999888e+00
3.127774999999999750e+00
3.223625000000000185e+00
3.361600000000000144e+00
5.981225000000000236e+00
1.042184999999999917e+01
8.982849999999999113e+00
3.991324999999999790e+00
3.269000000000000128e+00
3.101424999999999876e+00
3.194550000000000001e+00
3.897550000000000292e+00
4.146650000000000169e+00
3.719999999999999751e+00
4.156874999999999432e+00
5.877925000000000288e+00
9.945199999999999818e+00
9.104824999999999946e+00
4.584550000000000125e+00
4.208524999999999849e+00
2.983049999999999979e+00
3.823150000000000048e+00
3.991975000000000051e+00
3.446350000000000247e+00
3.494399999999999729e+00
3.369400000000000173e+00
4.290550000000000530e+00
1.037379999999999924e+01
9.403950000000000031e+00
3.666050000000000253e+00
3.096775000000000055e+00
3.964175000000000004e+00
3.748750000000000249e+00
2.707149999999999945e+00
2.604725000000000179e+00
2.911250000000000338e+00
3.567100000000000382e+00
4.444175000000000431e+00
9.149250000000000327e+00
6.599949999999999761e+00
3.008250000000000313e+00
3.585725000000000051e+00
3.239874999999999616e+00
2.406437500000000007e+00
2.540649999999999853e+00
2.889800000000000146e+00
3.206125000000000114e+00
3.811125000000000096e+00
4.465300000000000047e+00
9.905850000000000932e+00
2.992425000000000335e+00
9.153050000000000352e+00
4.761425000000000018e+00
4.603400000000000603e+00
4.853250000000000064e+00
4.995474999999999888e+00
4.244899999999999451e+00
3.727575000000000305e+00
3.529875000000000096e+00
3.044724999999999682e+00
1.113342499999999902e+01
9.652174999999999727e+00
4.262449999999999406e+00
4.649074999999999847e+00
4.607574999999999754e+00
3.680699999999999861e+00
3.287625000000000242e+00
3.137050000000000338e+00
2.861650000000000027e+00
5.127175000000000260e+00
1.185219999999999985e+01
1.057977499999999971e+01
4.677500000000000213e+00
4.161224999999999952e+00
3.842274999999999885e+00
3.539050000000000473e+00
3.286925000000000097e+00
2.735875000000000057e+00
4.237925000000000608e+00
5.416549999999999976e+00
1.016315000000000168e+01
9.812775000000000247e+00
3.809624999999999595e+00
3.474124999999999908e+00
3.322700000000000209e+00
2.601949999999999985e+00
2.594449999999999701e+00
4.411025000000000418e+00
4.153649999999999842e+00
4.662499999999999645e+00
1.030259999999999998e+01
8.259050000000000225e+00
3.679649999999999643e+00
3.215374999999999872e+00
2.906599999999999628e+00
4.131675000000000431e+00
4.126999999999999780e+00
3.861474999999999547e+00
3.109199999999999520e+00
4.338775000000000048e+00
1.310867500000000163e+01
8.640874999999999417e+00
4.714224999999999888e+00
4.749925000000000175e+00
3.987600000000000033e+00
3.283825000000000216e+00
3.612975000000000048e+00
3.326074999999999893e+00
3.264199999999999768e+00
9.809799999999999187e+00
1.228307500000000019e+01
8.372700000000000031e+00
4.527524999999999800e+00
5.239500000000000490e+00
2.925924999999999887e+00
2.924300000000000122e+00
2.612125000000000252e+00
2.975725000000000176e+00
4.435224999999999973e+00
6.802175000000000082e+00
1.214920000000000044e+01
1.190672499999999978e+01
9.303325000000000955e+00
2.604175000000000129e+00
2.466740000000000155e+00
1.999262499999999942e+00
2.270335000000000214e+00
4.268124999999999503e+00
4.328825000000000145e+00
8.307475000000000165e+00
1.432837499999999942e+01
8.620525000000000659e+00
2.063252499999999934e+00
1.761635000000000062e+00
1.454702500000000009e+00
1.300932500000000047e+00
1.427027499999999893e+00
1.533495000000000053e+00
1.514175000000000049e+00
1.208337500000000064e+00
1.312085000000000168e+00
1.485225000000000017e+00
9.777599999999999625e+00
3.778349999999999653e+00
2.165664999999999729e+00
1.804999999999999938e+00
1.567982500000000057e+00
1.694655000000000022e+00
2.077125000000000110e+00
1.978515000000000246e+00
1.506720000000000059e+00
1.404519999999999991e+00
1.504020000000000135e+00
2.881974999999999731e+00
8.977825000000001054e+00
2.578575000000000284e+00
2.266404999999999781e+00
2.658549999999999969e+00
2.078997499999999832e+00
1.910355000000000025e+00
2.456529999999999880e+00
1.920304999999999929e+00
1.010182499999999983e+00
1.875972500000000043e+00
2.113912500000000083e+00
7.162174999999999514e+00
7.498149999999999871e+00
2.505424999999999791e+00
1.697457500000000064e+00
1.581519999999999815e+00
1.850742499999999957e+00
2.266672499999999868e+00
1.987004999999999910e+00
8.259250000000000203e-01
1.272919999999999829e+00
1.644905000000000062e+00
2.139097500000000096e+00
7.620274999999999466e+00
8.520775000000000432e+00
5.593924999999999592e+00
1.756407500000000121e+00
1.909640000000000004e+00
1.940577500000000066e+00
1.569859999999999811e+00
9.271074999999999733e-01
1.335442500000000088e+00
1.263005000000000155e+00
1.903555000000000108e+00
2.802724999999999689e+00
5.581800000000000317e+00
7.664900000000000269e+00
3.373650000000000482e+00
1.713804999999999801e+00
2.136760000000000215e+00
1.854659999999999975e+00
9.330924999999999914e-01
1.499699999999999811e+00
1.493297500000000166e+00
1.789702499999999974e+00
1.778652499999999970e+00
1.743352499999999861e+00
2.528900000000000148e+00
8.578200000000000713e+00
6.943999999999999950e+00
2.863875000000000171e+00
1.912009999999999987e+00
1.076812499999999950e+00
2.215592500000000076e+00
1.492314999999999836e+00
1.796939999999999982e+00
2.084769999999999790e+00
1.944034999999999958e+00
1.954359999999999875e+00
2.861275000000000013e+00
8.677699999999999747e+00
7.596174999999999677e+00
2.157360000000000166e+00
1.801460000000000061e+00
2.056302499999999700e+00
1.393432500000000074e+00
1.521297500000000191e+00
1.751979999999999871e+00
1.714934999999999876e+00
1.738247499999999945e+00
1.948107500000000103e+00
3.655775000000000219e+00
5.152750000000000163e+00
3.655725000000000335e+00
4.981749999999999901e+00
4.838924999999999699e+00
1.248287499999999994e+00
2.165782500000000166e+00
1.869205000000000005e+00
1.471177500000000027e+00
1.769015000000000004e+00
2.032289999999999708e+00
2.195330000000000226e+00
6.002975000000000172e+00
9.186175000000000423e+00
4.858700000000000685e+00
2.302845000000000031e+00
1.427217500000000028e+00
1.554242500000000193e+00
1.581562499999999982e+00
1.546577500000000160e+00
1.473305000000000087e+00
1.866635000000000044e+00
2.211735000000000007e+00
2.170262500000000205e+00
3.229600000000000470e+00
6.475900000000000212e+00
7.863425000000000331e+00
2.369482500000000158e+00
1.534947500000000131e+00
8.739175000000000137e-01
8.428800000000000736e-01
9.459899999999999975e-01
1.081597499999999989e+00
8.269724999999999993e-01
5.356950000000000323e-01
3.751450000000000062e-01
3.994000000000000328e-01
1.692994999999999917e-01
3.802774999999999905e-01
4.619725000000000081e-01
4.511924999999999963e-01
6.098375000000000323e-01
7.040899999999999936e-01
7.271824999999999539e-01
9.485699999999999577e+00
1.027417500000000139e+01
7.652375000000000149e+00
3.501175000000000370e+00
2.993224999999999802e+00
3.044950000000000045e+00
3.049824999999999786e+00
2.789849999999999941e+00
1.914412500000000072e+00
2.336577499999999752e+00
2.151460000000000150e+00
2.509900000000000020e+00
2.576074999999999893e+00
3.290575000000000028e+00
3.161424999999999930e+00
2.927449999999999886e+00
2.525724999999999554e+00
4.439424999999999955e+00
8.331049999999999400e+00
9.881174999999998931e+00
6.010524999999999451e+00
2.807749999999999968e+00
2.865400000000000169e+00
2.609624999999999861e+00
1.837697499999999984e+00
1.580445000000000100e+00
1.795379999999999976e+00
1.677532499999999871e+00
2.450817499999999871e+00
2.237182500000000296e+00
2.617074999999999818e+00
2.306822499999999998e+00
2.411204999999999821e+00
2.256310000000000038e+00
2.667200000000000237e+00
2.975975000000000037e+00
5.631249999999999645e+00
8.578300000000000480e+00
6.767849999999999255e+00
4.013574999999999449e+00
2.467082500000000067e+00
1.582512499999999989e+00
1.336779999999999857e+00
1.439427500000000082e+00
1.621489999999999876e+00
2.068302499999999711e+00
2.030952500000000160e+00
2.157040000000000290e+00
1.992627499999999774e+00
1.971632500000000121e+00
1.983215000000000172e+00
3.056924999999999670e+00
2.844825000000000159e+00
2.874849999999999905e+00
6.243574999999999875e+00
8.767324999999999591e+00
8.354424999999999102e+00
3.990024999999999711e+00
1.754532500000000050e+00
1.792072500000000179e+00
2.062870000000000203e+00
2.058007499999999990e+00
1.919232499999999897e+00
2.159715000000000273e+00
2.483982499999999760e+00
2.587074999999999569e+00
2.533099999999999685e+00
2.713624999999999954e+00
3.194799999999999862e+00
3.157375000000000043e+00
2.809825000000000017e+00
3.111999999999999655e+00
4.375924999999999621e+00
8.046624999999998806e+00
8.792699999999999960e+00
3.765824999999999978e+00
1.987579999999999902e+00
2.431874999999999787e+00
2.371827500000000200e+00
2.525100000000000122e+00
2.034387500000000237e+00
2.514350000000000307e+00
2.423352500000000020e+00
2.761624999999999552e+00
2.779799999999999827e+00
2.459077500000000249e+00
2.525100000000000122e+00
1.991245000000000154e+00
2.068397499999999667e+00
1.937627500000000058e+00
2.528675000000000228e+00
6.083300000000000374e+00
1.004635000000000034e+01
7.529975000000000307e+00
4.280499999999999972e+00
2.550549999999999873e+00
2.565124999999999655e+00
2.042069999999999830e+00
2.534499999999999975e+00
2.463027499999999925e+00
2.339444999999999997e+00
2.220617499999999911e+00
1.719225000000000003e+00
1.742152499999999993e+00
1.632264999999999855e+00
1.779284999999999783e+00
1.723732500000000112e+00
1.959232499999999932e+00
1.775267499999999998e+00
5.409850000000000492e+00
8.664024999999998755e+00
9.280974999999999753e+00
4.830099999999999838e+00
2.020097499999999879e+00
1.765372500000000011e+00
2.472024999999999917e+00
2.692050000000000054e+00
3.023525000000000240e+00
2.471042499999999809e+00
1.821562499999999973e+00
1.763875000000000082e+00
1.738520000000000065e+00
1.566917499999999963e+00
1.628610000000000113e+00
1.934625000000000039e+00
1.909092500000000081e+00
4.022924999999999862e+00
6.390025000000000510e+00
9.376775000000000304e+00
7.309675000000000367e+00
4.083874999999999922e+00
2.139847500000000124e+00
2.346214999999999939e+00
2.250494999999999912e+00
2.727824999999999722e+00
2.389759999999999884e+00
1.678830000000000044e+00
1.629212499999999952e+00
1.998170000000000002e+00
1.822397500000000115e+00
1.836827500000000057e+00
1.789324999999999832e+00
2.474587500000000162e+00
2.831624999999999837e+00
2.435995000000000132e+00
3.351549999999999585e+00
5.355425000000000324e+00
6.030324999999999491e+00
6.716075000000000017e+00
7.196449999999999569e+00
7.758449999999999847e+00
5.365400000000000169e+00
4.189574999999999605e+00
1.672522499999999912e+00
1.878295000000000048e+00
2.223627500000000090e+00
2.199947499999999945e+00
2.265782500000000255e+00
1.986717500000000136e+00
2.762974999999999959e+00
2.131722499999999965e+00
1.404772499999999980e+00
1.561139999999999972e+00
2.851974999999999927e+00
7.833199999999999719e+00
9.562899999999999068e+00
8.051674999999999471e+00
5.478550000000000253e+00
1.941882500000000178e+00
2.400025000000000297e+00
9.433350000000000790e+00
3.642274999999999707e+00
3.120375000000000121e+00
1.829362500000000002e+00
2.594675000000000065e+00
3.346974999999999589e+00
2.390762500000000124e+00
1.685867500000000074e+00
1.901944999999999997e+00
2.435799999999999965e+00
7.314150000000000595e+00
8.563499999999999446e+00
3.229624999999999968e+00
1.524867500000000042e+00
2.303997499999999921e+00
2.815050000000000274e+00
2.896449999999999747e+00
1.806594999999999951e+00
1.930944999999999911e+00
2.435732499999999856e+00
4.347875000000000156e+00
9.946099999999999497e+00
7.845600000000000129e+00
2.598199999999999843e+00
2.671499999999999986e+00
3.717624999999999957e+00
3.309774999999999689e+00
1.837297500000000028e+00
2.206904999999999895e+00
2.563400000000000123e+00
3.002099999999999547e+00
4.239575000000000315e+00
1.108897500000000136e+01
9.644425000000000026e+00
5.036274999999999835e+00
4.015625000000000000e+00
3.521125000000000060e+00
2.265002500000000030e+00
2.587099999999999955e+00
3.278449999999999864e+00
2.760899999999999910e+00
2.397982499999999906e+00
4.528224999999999945e+00
1.072305000000000064e+01
1.161624999999999908e+01
5.282599999999999518e+00
2.914324999999999832e+00
2.829499999999999904e+00
2.944399999999999906e+00
3.390400000000000080e+00
3.386800000000000033e+00
2.722399999999999931e+00
3.522449999999999637e+00
3.648199999999999665e+00
8.341650000000001342e+00
1.047137500000000010e+01
2.830224999999999991e+00
2.321967499999999962e+00
2.537575000000000358e+00
2.860724999999999962e+00
3.384499999999999620e+00
3.766674999999999773e+00
3.925075000000000092e+00
2.616824999999999957e+00
2.783450000000000202e+00
8.062850000000000961e+00
8.432425000000000281e+00
1.721272499999999983e+00
1.985160000000000036e+00
3.419550000000000090e+00
2.604649999999999910e+00
2.861850000000000449e+00
3.458674999999999944e+00
2.767900000000000027e+00
2.972825000000000273e+00
2.828025000000000233e+00
8.168950000000000600e+00
6.936024999999999885e+00
3.986724999999999852e+00
2.508474999999999788e+00
2.195189999999999753e+00
1.735747499999999999e+00
2.802374999999999616e+00
2.597274999999999778e+00
2.691875000000000462e+00
1.887152500000000011e+00
2.342119999999999980e+00
1.021840000000000082e+01
9.766074999999998951e+00
3.699699999999999989e+00
2.430325000000000291e+00
2.549125000000000085e+00
2.581025000000000347e+00
2.242564999999999920e+00
2.467457500000000081e+00
2.459575000000000067e+00
2.415372500000000144e+00
2.300054999999999961e+00
6.613449999999999385e+00
8.678525000000000489e+00
2.661124999999999741e+00
2.635600000000000165e+00
2.672300000000000342e+00
2.220102499999999868e+00
2.394835000000000047e+00
2.610000000000000320e+00
2.671450000000000102e+00
2.218872500000000247e+00
4.150549999999999962e+00
9.020175000000000054e+00
8.785149999999999793e+00
5.679199999999999804e+00
2.068014999999999937e+00
2.056624999999999925e+00
1.961602500000000138e+00
2.237140000000000128e+00
2.104370000000000296e+00
1.991397500000000154e+00
2.410530000000000062e+00
1.757245000000000168e+00
1.567344999999999988e+00
1.284395000000000175e+00
1.418985000000000163e+00
1.473162500000000152e+00
1.246137499999999898e+00
1.456352499999999939e+00
9.335925000000000473e-01
1.143697500000000034e+00
3.384949999999999903e+00
7.249949999999999228e+00
7.099299999999999500e+00
3.316775000000000251e+00
2.627749999999999808e+00
2.560350000000000126e+00
2.192479999999999762e+00
2.085282499999999928e+00
2.225394999999999790e+00
1.383922499999999944e+00
1.388992500000000074e+00
1.515604999999999869e+00
1.529827500000000118e+00
1.569484999999999797e+00
1.510662500000000019e+00
1.534182500000000005e+00
1.122630000000000017e+00
1.603562500000000002e+00
2.154544999999999710e+00
2.914250000000000007e+00
8.889850000000000918e+00
9.062825000000000131e+00
3.915250000000000341e+00
3.255275000000000141e+00
3.082099999999999618e+00
2.756050000000000111e+00
2.308612499999999734e+00
1.884582500000000049e+00
2.584925000000000139e+00
2.590675000000000061e+00
2.762324999999999697e+00
2.499577500000000008e+00
2.496950000000000003e+00
2.928625000000000256e+00
2.376724999999999977e+00
2.501074999999999715e+00
1.887222500000000025e+00
2.165467500000000101e+00
2.810649999999999871e+00
7.168999999999999595e+00
9.288499999999999091e+00
4.669525000000000148e+00
2.494407499999999889e+00
3.318550000000000111e+00
2.665999999999999925e+00
1.647387499999999783e+00
2.246385000000000076e+00
2.250334999999999752e+00
2.128165000000000084e+00
2.432380000000000209e+00
2.479772500000000157e+00
2.706174999999999997e+00
2.091394999999999893e+00
2.176395000000000302e+00
2.200804999999999900e+00
2.224272500000000097e+00
2.620400000000000063e+00
3.253725000000000200e+00
4.411450000000000315e+00
8.739749999999999019e+00
8.187875000000000014e+00
3.462250000000000050e+00
2.983975000000000044e+00
3.294250000000000345e+00
3.150775000000000325e+00
2.709449999999999914e+00
2.822299999999999809e+00
2.870075000000000376e+00
2.735750000000000348e+00
3.325149999999999828e+00
2.441972499999999879e+00
2.559724999999999806e+00
2.137582500000000163e+00
2.163572499999999899e+00
2.448579999999999757e+00
3.197074999999999889e+00
3.647199999999999775e+00
2.689624999999999932e+00
2.843949999999999978e+00
7.964274999999999771e+00
7.558375000000000732e+00
2.206329999999999902e+00
2.301962500000000134e+00
2.114030000000000076e+00
2.274569999999999759e+00
2.242389999999999883e+00
1.952722500000000139e+00
2.243745000000000100e+00
1.904719999999999969e+00
2.035217499999999902e+00
1.999532499999999935e+00
2.146745000000000125e+00
2.233635000000000037e+00
2.128657500000000091e+00
2.310202499999999937e+00
3.441850000000000076e+00
2.899999999999999911e+00
2.989574999999999871e+00
7.964124999999999233e+00
6.326800000000000423e+00
2.417917500000000164e+00
1.966652500000000137e+00
1.731122499999999897e+00
1.843757500000000160e+00
1.878697499999999909e+00
1.805962500000000137e+00
1.389762500000000012e+00
1.702912500000000051e+00
7.835050000000000070e-01
1.199284999999999934e+00
1.838322500000000081e+00
2.154490000000000016e+00
2.119107500000000144e+00
2.785975000000000090e+00
2.578724999999999934e+00
1.811537500000000023e+00
1.995230000000000059e+00
9.655749999999999389e+00
8.163949999999999818e+00
5.734875000000000611e+00
4.110974999999999824e+00
3.844949999999999868e+00
3.638749999999999929e+00
4.272199999999999775e+00
3.707225000000000215e+00
2.666100000000000136e+00
1.526920000000000055e+00
1.752542500000000114e+00
2.915200000000000014e+00
3.133850000000000247e+00
2.839050000000000296e+00
3.915274999999999839e+00
3.246450000000000280e+00
2.135944999999999983e+00
1.854167499999999968e+00
3.396874999999999645e+00
7.728424999999999656e+00
7.916800000000000281e+00
9.800000000000000711e+00
6.950849999999999085e+00
4.326674999999999827e+00
4.946799999999999642e+00
4.384299999999999642e+00
3.506075000000000053e+00
1.589592499999999964e+00
1.534024999999999972e+00
1.884642499999999998e+00
2.113887499999999697e+00
1.990177499999999933e+00
2.382662500000000350e+00
2.263172500000000031e+00
1.920619999999999994e+00
1.681144999999999889e+00
2.873574999999999768e+00
5.262400000000000411e+00
6.629974999999999952e+00
6.383149999999999658e+00
3.421324999999999950e+00
2.944975000000000342e+00
3.243300000000000072e+00
2.864225000000000243e+00
2.956125000000000114e+00
1.555660000000000043e+00
1.582880000000000065e+00
2.065412499999999874e+00
2.048305000000000042e+00
2.000767499999999810e+00
2.770299999999999763e+00
2.485739999999999839e+00
1.364812499999999984e+00
1.455112500000000031e+00
2.874125000000000263e+00
3.001800000000000246e+00
4.130625000000000213e+00
6.043224999999999625e+00
4.484750000000000014e+00
3.576774999999999594e+00
3.495874999999999844e+00
3.110574999999999868e+00
4.764350000000000307e+00
1.410242499999999843e+00
1.712262500000000021e+00
3.149549999999999628e+00
3.422450000000000436e+00
2.889124999999999943e+00
3.739749999999999908e+00
3.170275000000000176e+00
2.104674999999999851e+00
1.697837500000000110e+00
3.331025000000000347e+00
4.511625000000000441e+00
4.339175000000000004e+00
6.526524999999999466e+00
8.330175000000000551e+00
6.173750000000000071e+00
4.854000000000000092e+00
5.074100000000000499e+00
6.920300000000000118e+00
1.051152499999999934e+00
1.037074999999999969e+00
1.485190000000000232e+00
1.951710000000000056e+00
2.231854999999999922e+00
2.623850000000000016e+00
2.024585000000000079e+00
1.207782499999999981e+00
1.080002499999999976e+00
2.473794999999999966e+00
3.206599999999999895e+00
3.370649999999999924e+00
3.836875000000000036e+00
6.587325000000000763e+00
6.441424999999999734e+00
4.240599999999999703e+00
7.454650000000000887e+00
6.628949999999999676e+00
1.564127499999999893e+00
1.428119999999999834e+00
1.949557500000000054e+00
2.275790000000000202e+00
2.223962499999999842e+00
2.628624999999999989e+00
2.695799999999999752e+00
1.872104999999999908e+00
1.587870000000000115e+00
2.997575000000000323e+00
3.299425000000000274e+00
3.003750000000000142e+00
2.928399999999999892e+00
3.874474999999999891e+00
7.372899999999999565e+00
8.440274999999999750e+00
3.986450000000000493e+00
2.906400000000000095e+00
1.465912499999999952e+00
1.574972500000000108e+00
2.786200000000000010e+00
3.216450000000000031e+00
2.827025000000000343e+00
3.470150000000000290e+00
3.128750000000000142e+00
1.871549999999999825e+00
1.713827500000000059e+00
4.025549999999999962e+00
4.685724999999999696e+00
4.140800000000000480e+00
5.361650000000000027e+00
4.864800000000000679e+00
5.310724999999999696e+00
1.163960000000000150e+01
9.516774999999999096e+00
3.933650000000000091e+00
1.045337500000000119e+01
4.606700000000000017e+00
3.608775000000000066e+00
3.869549999999999823e+00
3.525424999999999809e+00
3.708949999999999747e+00
3.819824999999999804e+00
3.638675000000000104e+00
3.247399999999999842e+00
1.900439999999999907e+00
1.085245000000000015e+00
1.440504999999999924e+00
1.126950000000000118e+00
1.232227500000000031e+00
1.290360000000000174e+00
1.062147500000000022e+00
4.478550000000000253e+00
9.795799999999999841e+00
9.726224999999999454e+00
4.324774999999999814e+00
4.031874999999999432e+00
4.133950000000000458e+00
4.026474999999999582e+00
3.609599999999999920e+00
3.669200000000000017e+00
4.148025000000000517e+00
5.051425000000000054e+00
9.474474999999999980e+00
5.800575000000000259e+00
4.226874999999999716e+00
4.196875000000000355e+00
3.683825000000000127e+00
4.151500000000000412e+00
4.138125000000000497e+00
3.585024999999999906e+00
1.045504999999999995e+01
1.287314999999999898e+01
9.543675000000000352e+00
5.653525000000000134e+00
5.878600000000000492e+00
3.665149999999999686e+00
3.793825000000000003e+00
3.287074999999999747e+00
4.916825000000000223e+00
7.837075000000000458e+00
1.163067500000000010e+01
9.568699999999999761e+00
5.440874999999999240e+00
3.578950000000000298e+00
3.646125000000000060e+00
3.279925000000000423e+00
4.613500000000000156e+00
4.511874999999999858e+00
7.825999999999999623e+00
1.048315000000000197e+01
9.022375000000000256e+00
9.705325000000000202e+00
4.860199999999999854e+00
2.426017499999999938e+00
1.957317500000000043e+00
2.256450000000000067e+00
2.272034999999999805e+00
2.423484999999999889e+00
2.317862499999999937e+00
2.687224999999999753e+00
4.818224999999999980e+00
7.874900000000000233e+00
4.863175000000000026e+00
1.607885000000000009e+00
1.865052500000000002e+00
2.125995000000000079e+00
2.222204999999999764e+00
2.003472499999999989e+00
2.078117499999999840e+00
2.298032499999999700e+00
2.801800000000000068e+00
8.983399999999999608e+00
3.609550000000000480e+00
1.985449999999999937e+00
1.708560000000000079e+00
1.847729999999999873e+00
1.632290000000000241e+00
2.302834999999999965e+00
2.203137499999999971e+00
1.997480000000000144e+00
2.335907500000000248e+00
8.060175000000000978e+00
7.578049999999999287e+00
3.238375000000000004e+00
2.292580000000000062e+00
2.481234999999999857e+00
2.813375000000000181e+00
2.680775000000000130e+00
2.686200000000000365e+00
2.208660000000000068e+00
2.165129999999999999e+00
5.371074999999999378e+00
1.017267499999999991e+01
3.456500000000000128e+00
2.084687500000000249e+00
2.672674999999999912e+00
2.431880000000000042e+00
2.415200000000000014e+00
1.882817500000000033e+00
2.184305000000000163e+00
2.257474999999999898e+00
3.783449999999999758e+00
9.456775000000000375e+00
2.878499999999999837e+00
2.589749999999999996e+00
2.237742499999999968e+00
2.294219999999999704e+00
2.030837500000000073e+00
2.418889999999999763e+00
2.611574999999999758e+00
2.474219999999999864e+00
3.707650000000000112e+00
9.737700000000000244e+00
7.556475000000000719e+00
1.917292499999999844e+00
1.842149999999999954e+00
1.798167499999999919e+00
2.335377499999999884e+00
2.112092499999999706e+00
2.112177500000000041e+00
2.343510000000000204e+00
3.368225000000000247e+00
7.316525000000000389e+00
1.015657500000000013e+01
5.743249999999999744e+00
4.643499999999999517e+00
4.847425000000000317e+00
4.320975000000000676e+00
5.250399999999999068e+00
9.909174999999999400e+00
6.754274999999999807e+00
5.370150000000000645e+00
4.798499999999999766e+00
4.273925000000000196e+00
5.099524999999999864e+00
9.618425000000000225e+00
6.920325000000000060e+00
4.779125000000000512e+00
4.328624999999999723e+00
4.592500000000000249e+00
4.612849999999999895e+00
8.179000000000000270e+00
8.799174999999999969e+00
9.197874999999999801e+00
4.175300000000000011e+00
3.554924999999999891e+00
2.650924999999999976e+00
9.840349999999999930e-01
6.586075000000000124e+00
9.434124999999999872e+00
3.941100000000000048e+00
3.086199999999999832e+00
1.362500000000000044e+00
2.942124999999999879e+00
3.929750000000000298e+00
5.743599999999999817e+00
5.497374999999999901e+00
1.100430000000000019e+00
